
5452918036
6157526595
6602780780
136817688
5033511713
5202308168
767562522
5152001887
591642921
7146440949
1270568109
1193968706
1515751896
1624184274
1389055414
1534095384
7034835915
6524453640
1602195463
1588881875
6428308107
1188400634
5401721515
6900394850
6320874940
1209160275
5103795919
1456439063
1463427720
7082719560
5893884937
7000581865
6026920094
5476257662
6590359642
6908886172
887481222
1114832216
1429913152
1055908588
6570146860
1143883776
1495424632
6769529547
6279024400
1652925212
1287030261
1005546623
1234724493
6824418779
5137387873
485943223
5910550804
1491311560
6020625645
1104867153
5792944828
1693602078
990741365
6752664255
-1001823296160
6333552864
5420634046
6043688098
5566753847
7155799153
1809329100
7076092450
5714135641
2076761324
1492395773